262.65
262.439
262.076
262.344
262.53
262.652
262.507
262.518
262.525
262.213
262.34
262.441
262.206
262.194
262.519
262.053
261.793
262.39
262.476
262.325
262.488
262.223
262.112
261.85
262.184
262.118
261.842
262.418
262.101
262.27
262.465
262.155
262.285
262.396
262.403
262.281
262.262
262.709
262.9
262.664
262.879
262.504
262.31
262.26
262.258
261.881
262.296
262.518
262.302
262.239
262.245
262.422
262.396
262.507
262.23
262.486
262.416
262.413
262.543
262.286
262.407
262.479
262.444
262.176
262.236
262.395
262.684
262.223
262.579
262.873
263.065
262.771
262.823
262.771
262.448
262.329
262.676
262.541
262.312
262.672
262.971
262.782
262.618
262.656
262.815
262.951
262.854
262.693
262.495
262.236
262.571
262.411
262.605
262.687
262.575
262.737
262.448
262.585
262.773
262.5
262.361
262.6
262.434
262.419
262.503
262.448
262.401
262.716
262.65
262.408
262.464
262.515
262.778
262.704
262.502
262.644
262.663
262.508
262.397
262.7
262.565
262.525
262.536
262.38
262.423
262.555
262.537
262.61
262.089
262.14
262.28
262.443
262.208
262.612
262.478
262.437
262.327
262.409
262.85
262.309
262.451
262.469
262.574
262.814
262.934
262.875
262.595
262.554
262.702
262.629
262.814
262.884
262.804
262.715
262.888
262.49
262.422
262.983
262.745
262.791
262.769
262.522
262.78
262.526
262.494
262.536
262.54
262.607
262.688
262.392
262.446
262.388
262.486
262.875
262.648
262.582
262.408
262.234
262.227
262.148
262.513
262.336
262.399
262.654
262.526
262.586
262.237
262.527
262.758
262.606
262.301
262.053
262.112
262.626
262.776
262.421
262.394
262.329
262.441
262.223
262.479
262.447
262.101
262.325
262.091
262.236
262.094
262.179
262.434
262.268
262.184
262.289
262.55
262.12
262.57
262.8
262.497
262.205
262.252
262.24
262.445
262.459
262.589
262.655
262.534
262.771
262.07
262.317
262.551
262.458
262.491
262.44
262.469
262.03
262.356
262.694
262.628
262.579
262.363
262.386
262.348
262.667
262.875
262.344
262.268
262.539
262.303
262.169
262.154
262.553
262.834
262.662
262.612
262.519
262.591
262.531
262.768
262.747
262.841
262.807
262.586
262.585
262.778
262.64
262.442
262.293
262.568
262.44
262.327
262.309
262.419
262.481
262.466
262.321
262.291
262.356
262.513
262.568
262.936
262.766
262.77
262.335
262.317
262.516
262.504
262.268
262.498
262.791
262.654
262.236
262.063
262.28
262.408
262.282
262.285
262.244
262.286
262.398
262.465
262.298
262.219
262.726
262.536
262.803
262.37
262.343
262.133
262.223
262.306
262.533
262.363
262.218
262.457
262.938
262.754
262.269
262.434
262.458
262.255
262.376
261.978
262.079
262.025
262.263
262.281
262.118
262.363
262.467
262.713
262.667
262.605
262.414
262.62
262.476
262.36
262.622
262.501
262.374
262.419
262.156
262.155
262.723
262.489
262.341
262.543
262.263
262.331
262.138
262.384
262.489
262.308
262.653
262.737
262.508
262.522
262.402
262.573
262.482
262.417
262.515
262.473
262.157
261.755
262.105
262.644
262.7
262.639
262.47
262.924
262.392
262.361
262.354
262.435
262.545
263.063
262.488
262.467
262.593
262.395
262.352
262.382
262.697
262.856
262.735
262.968
262.565
262.36
262.458
262.367
262.376
262.341
262.575
262.432
262.617
262.602
262.599
262.792
262.613
262.538
262.54
262.528
262.267
262.413
262.228
262.217
262.349
262.44
262.422
262.246
262.384
262.453
262.005
262.258
262.101
262.069
262.185
262.221
262.071
262.055
262.156
262.144
262.286
262.529
262.48
262.375
262.298
262.148
262.112
262.258
262.237
262.404
262.363
261.947
262.03
261.896
262.085
262.376
262.277
262.492
262.115
262.251
262.6
263.019
263.003
262.841
262.299
262.312
262.536
262.975
262.449
262.27
262.397
262.595
262.293
262.622
263.051
262.794
262.499
262.326
262.479
262.794
262.681
262.413
262.407
262.606
262.781
262.327
262.325
262.539
262.562
262.688
262.374
262.368
262.579
262.189
262.317
262.407
262.611
262.443
262.242
262.523
262.485
262.331
262.364
262.591
262.693
262.227
262.171
262.083
262.309
262.123
262.204
262.678
262.497
262.373
262.451
262.567
262.25
262.502
262.271
262.504
262.651
262.809
262.999
262.523
262.323
262.352
262.555
262.453
262.092
262.165
262.148
262.353
262.123
261.942
262.286
262.502
262.39
262.56
262.396
262.621
262.693
262.41
262.599
262.333
262.306
262.03
262.16
262.45
262.512
262.397
262.809
262.422
261.954
262.04
262.366
262.283
262.253
262.039
262.561
262.394
262.382
262.708
262.482
262.543
262.357
262.327
262.59
262.622
262.673
262.026
262.135
262.286
262.21
262.298
262.36
262.702
262.652
262.599
262.34
262.197
262.267
261.835
262.625
262.443
262.539
262.643
262.248
262.154
262.489
262.446
262.222
262.028
261.92
262.453
262.344
262.34
262.294
262.682
262.815
262.422
262.812
262.529
262.616
262.529
262.711
262.789
262.725
262.787
262.848
262.719
262.868
262.941
262.701
262.446
262.612
262.814
262.697
262.591
262.416
262.687
262.75
262.819
262.354
262.272
262.647
262.541
262.484
262.774
262.512
262.395
262.477
262.494
262.269
262.233
262.301
262.181
262.69
262.554
262.184
262.349
262.496
262.491
262.259
262.266
262.192
262.232
262.282
262.421
262.401
262.628
262.528
262.443
262.459
262.487
262.07
262.444
262.408
262.655
262.426
262.278
262.471
262.439
261.922
262.043
262.401
262.342
262.153
262.495
262.533
262.364
262.493
262.392
262.72
262.252
262.364
262.059
262.317
262.023
262.354
262.347
262.22
262.346
262.378
262.236
262.467
262.63
262.343
262.734
262.623
262.291
262.459
262.493
262.621
262.749
262.684
262.251
262.573
262.435
262.218
262.091
262.136
262.439
262.647
262.57
262.381
262.523
262.488
262.58
262.905
262.746
262.602
262.26
262.625
262.099
262.219
262.195
262.326
262.194
262.487
262.399
262.59
262.011
262.369
262.353
262.102
262.356
262.317
262.374
262.231
262.503
262.32
262.262
262.333
262.374
262.393
262.493
262.588
262.478
262.267
262.294
262.068
262.216
262.065
262.406
262.18
262.277
262.418
261.955
262.17
262.102
262.461
262.403
262.498
262.378
262.537
262.428
262.409
262.328
262.622
262.745
262.827
263.04
262.689
262.637
262.605
262.975
262.65
262.363
262.652
262.529
262.464
262.34
262.328
262.307
262.893
262.409
262.178
262.417
262.257
262.244
262.002
262.186
262.797
262.729
262.344
262.552
262.696
262.796
262.519
262.348
262.144
262.338
262.222
262.132
262.285
262.44
262.365
262.382
262.392
262.7
262.221
262.338
262.225
262.44
262.603
262.589
262.508
262.198
262.774
262.672
262.358
262.565
262.285
262.46
262.212
262.537
262.306
262.045
262.09
262.325
262.411
262.525
262.678
262.534
262.34
262.354
262.609
262.247
261.764
261.989
262.217
262.191
262.255
262.452
262.45
262.212
262.123
262.268
262.676
262.452
262.276
262.322
262.333
262.038
262.128
262.429
262.382
262.215
262.567
262.795
262.547
261.994
262.204
262.322
262.131
262.289
262.284
262.4
262.607
262.371
262.347
262.318
262.16
262.445
262.108
262.596
262.729
262.334
262.352
262.173
262.16
262.083
261.983
262.249
262.516
262.112
262.186
262.242
262.78
262.446
262.592
261.998
262.459
262.517
262.202
262.114
261.895
262.35
262.283
262.462
262.33
262.39
262.358
262.131
262.186
262.284
262.292
262.466
262.537
262.589
262.444
262.626
262.592
262.454
262.462
262.18
262.152
262.22
262.478
262.255
262.448
262.368
262.305
262.626
263.068
262.709
262.488
262.298
262.286
262.31
262.286
262.093
261.896
262.236
262.747
262.605
262.358
262.406
262.334
262.223
262.145
262.24
262.447
262.391
262.017
262.595
262.643
262.4
261.989
262.343
262.606
262.355
262.373
262.11
262.067
262.325
262.061
262.569
262.47
262.079
262.418
262.178
262.204
262.258
261.999
262.47
262.495
262.272
262.645
262.482
262.236
262.397
262.277
262.802
262.731
262.672
262.552
262.714
262.949
262.63
262.219
262.201
262.425
262.289
262.586
263.032
263.035
262.677
262.442
262.682
262.403
262.279
262.763
262.992
262.624
262.438
262.628
262.784
262.54
262.213
262.493
262.598
262.373
262.531
262.355
262.478
262.474
262.715
262.587
262.446
262.556
262.439
262.36
262.453
262.506
262.386
262.968
262.346
262.013
262.084
262.273
262.117
262.475
262.622
262.51
262.441
262.29
262.29
262.271
262.629
262.456
262.481
262.485
262.977
262.761
262.442
262.563
262.535
262.416
262.609
262.29
262.631
262.642
263.094
262.812
262.333
262.305
262.679
262.609
262.369
262.376
262.633
262.249
262.167
262.297
262.661
262.522
262.225
262.3
262.511
262.791
262.803
262.191
262.317
262.744
262.584
262.839
262.755
262.493
262.515
262.42
262.435
262.423
262.511
262.637
262.532
262.63
262.697
262.816
262.673
262.455
262.197
262.165
262.367
262.64
262.482
262.843
262.399
262.509
262.48
262.255
262.122
262.09
262.393
262.42
262.252
262.548
262.675
262.868
262.768
262.352
262.351
262.3
262.401
262.539
262.35
262.722
262.597
262.365
262.052
262.333
262.313
262.181
262.425
262.398
262.623
262.657
262.525
262.526
262.419
262.575
262.3
262.496
262.433
262.182
262.196
262.307
262.232
262.195
262.038
262.27
262.454
262.533
262.261
261.944
262.77
262.96
262.39
262.217
262.478
262.617
262.364
262.231
262.18
262.61
262.469
262.735
262.305
262
262.305
262.561
262.6
262.679
262.567
262.301
261.863
262.392
262.273
262.406
262.13
262.376
262.394
262.418
262.575
262.119
262.544
262.69
262.45
262.444
262.104
262.653
262.274
262.112
262.414
262.281
262.292
262.494
262.224
262.231
262.388
262.403
262.473
262.205
262.054
262.315
262.581
262.732
262.425
262.517
262.442
262.312
262.275
262.638
262.359
262.377
262.136
262.066
262.157
262.042
262.222
262.551
262.279
262.379
262.759
262.582
262.577
262.569
262.522
262.58
262.831
262.398
262.256
262.264
262.124
262.397
262.463
262.233
262.476
262.4
261.889
262.323
262.536
262.231
262.265
262.05
262.096
262.164
262.273
261.939
261.99
262.083
262.166
262.169
262.11
262.161
262.483
261.985
261.945
262.217
262.097
262.433
262.213
262.048
261.95
262.199
262.384
262.117
262.16
262.174
262.273
262.645
262.376
262.453
262.65
262.437
262.381
262.252
262.255
262.559
262.572
262.165
262.362
262.389
262.547
262.585
262.286
262.512
262.94
262.807
262.519
262.323
262.615
262.633
262.733
262.481
262.359
262.489
262.537
262.6
262.638
262.722
262.233
262.077
262.208
262.193
262.13
262.237
262.013
262.357
262.574
262.855
262.8
262.262
262.353
262.69
262.723
262.533
262.382
262.352
262.471
262.64
262.497
262.469
262.02
262.552
262.556
262.694
262.443
262.004
262.314
262.302
262.278
262.356
262.607
262.367
262.491
262.321
262.346
262.475
262.873
262.54
262.431
262.285
261.992
262.233
262.496
262.563
262.459
262.561
262.478
262.577
262.526
262.924
262.624
262.613
262.799
262.533
262.33
262.378
262.643
262.647
262.713
262.487
262.26
262.425
262.315
262.309
262.745
262.66
262.011
262.196
262.223
262.246
262.382
262.855
261.963
261.906
261.957
261.998
262.097
262.16
262.33
262.698
262.718
262.199
262.373
262.374
261.973
262.225
262.179
262.411
262.165
261.723
262.231
262.192
261.884
262.133
262.209
262.679
262.718
262.62
262.346
262.512
262.63
262.806
262.443
262.443
262.314
262.219
262.546
262.629
262.275
262.481
262.485
262.534
262.263
262.767
262.803
262.459
262.63
262.57
262.387
262.59
262.539
262.354
262.406
262.464
262.508
262.625
262.353
262.586
262.732
262.922
262.468
262.677
262.099
262.477
262.604
262.857
262.604
262.516
262.289
262.36
262.313
262.755
262.641
262.645
262.377
262.433
262.532
262.257
262.22
262.629
262.754
262.321
262.438
262.476
262.262
262.316
262.092
262.508
262.332
262.381
262.828
262.558
262.295
262.585
262.411
262.434
262.62
262.647
262.517
262.34
262.454
262.607
262.546
262.513
262.253
262.065
262.361
262.594
262.843
262.218
262.223
262.389
262.688
262.766
262.532
262.358
262.523
262.738
262.911
262.412
262.213
262.345
262.619
262.557
262.265
262.03
262.29
262.02
262.367
262.439
262.129
262.506
262.472
262.086
262.43
262.552
262.295
262.162
262.195
262.361
262.092
262.04
261.938
262.25
262.047
262.552
262.486
262.532
262.363
262.326
262.037
262.406
262.424
262.757
262.881
262.932
262.26
262.225
262.599
262.507
262.596
262.29
262.223
262.016
262.384
262.37
262.315
262.494
262.546
262.533
262.419
262.291
262.384
262.235
262.349
262.591
